x y
664 00069
665 00068
666 00072
667 00074
668 00080
669 00086
670 00098
671 00104
672 00113
673 00124
674 00134
675 00144
676 00156
677 00163
678 00170
679 00179
680 00186
681 00193
682 00202
683 00210
684 00219
685 00228
686 00241
687 00250
688 00259
689 00269
690 00276
691 00284
692 00291
693 00301
694 00309
695 00317
696 00329
697 00339
698 00349
699 00365
700 00377
701 00390
702 00402
703 00418
704 00429
705 00440
706 00453
707 00463
708 00473
709 00482
710 00493
711 00501
712 00510
713 00523
714 00531
715 00539
716 00549
717 00563
718 00575
719 00587
720 00605
721 00619
722 00634
723 00655
724 00670
725 00686
726 00701
727 00723
728 00740
729 00757
730 00772
731 00792
732 00808
733 00826
734 00850
735 00868
736 00886
737 00905
738 00929
739 00946
740 00964
741 00987
742 01004
743 01019
744 01035
745 01046
746 01057
747 01069
748 01085
749 01098
750 01110
751 01123
752 01139
753 01151
754 01161
755 01173
756 01181
757 01190
758 01202
759 01211
760 01221
761 01231
762 01245
763 01255
764 01264
765 01275
766 01283
767 01293
768 01301
769 01312
770 01320
771 01327
772 01335
773 01345
774 01353
775 01360
776 01369
777 01374
778 01381
779 01388
780 01400
781 01409
782 01418
783 01428
784 01439
785 01446
786 01452
787 01458
788 01468
789 01474
790 01481
791 01488
792 01494
793 01500
794 01508
795 01514
796 01520
797 01526
798 01534
799 01541
800 01547
801 01555
802 01561
803 01566
804 01572
805 01580
806 01585
807 01590
808 01597
809 01603
810 01608
811 01613
812 01620
813 01625
814 01630
815 01637
816 01643
817 01649
818 01656
819 01662
820 01667
821 01673
822 01680
823 01685
824 01691
825 01696
826 01703
827 01708
828 01714
829 01721
830 01727
831 01733
832 01738
833 01746
834 01752
835 01758
836 01765
837 01771
838 01777
839 01784
840 01790
841 01795
842 01803
843 01812
844 01819
845 01828
846 01838
847 01844
848 01851
849 01857
850 01866
851 01874
852 01882
853 01893
854 01901
855 01908
856 01914
857 01924
858 01933
859 01943
860 01955
861 01965
862 01974
863 01984
864 01997
865 02006
866 02015
867 02024
868 02029
869 02035
870 02041
871 02048
872 02053
873 02059
874 02066
875 02071
876 02077
877 02084
878 02089
879 02095
880 02101
881 02108
882 02113
883 02118
884 02125
885 02130
886 02135
887 02141
888 02149
889 02154
890 02160
891 02166
892 02173
893 02178
894 02184
895 02191
896 02196
897 02201
898 02207
899 02214
900 02219
901 02224
902 02232
903 02238
904 02244
905 02250
906 02256
907 02261
908 02267
909 02273
910 02280
911 02286
912 02292
913 02299
914 02305
915 02310
916 02316
917 02324
918 02330
919 02335
920 02344
921 02349
922 02355
923 02360
924 02368
925 02373
926 02378
927 02384
928 02389
929 02396
930 02401
931 02406
932 02413
933 02418
934 02423
935 02429
936 02436
937 02441
938 02447
939 02454
940 02458
941 02464
942 02471
943 02476
944 02481
945 02486
946 02493
947 02498
948 02504
949 02509
950 02515
951 02521
952 02526
953 02532
954 02537
955 02542
956 02547
957 02554
958 02558
959 02563
960 02568
961 02575
962 02580
963 02585
964 02591
965 02597
966 02603
967 02610
968 02620
969 02627
970 02634
971 02644
972 02651
973 02660
974 02668
975 02676
976 02684
977 02690
978 02695
979 02702
980 02706
981 02711
982 02716
983 02723
984 02728
985 02732
986 02739
987 02743
988 02748
989 02753
990 02758
991 02764
992 02769
993 02774
994 02781
995 02785
996 02791
997 02796
998 02802
999 02806
1000 02811
1001 02816
1002 02822
1003 02827
1004 02832
1005 02838
1006 02843
1007 02848
1008 02854
1009 02859
1010 02864
1011 02871
1012 02875
1013 02880
1014 02885
1015 02892
1016 02897
1017 02902
1018 02908
1019 02913
1020 02918
1021 02925
1022 02930
1023 02934
1024 02941
1025 02945
1026 02950
1027 02956
1028 02960
1029 02965
1030 02970
1031 02977
1032 02982
1033 02987
1034 02993
1035 02998
1036 03003
1037 03009
1038 03013
1039 03018
1040 03024
1041 03029
1042 03033
1043 03039
1044 03044
1045 03049
1046 03056
1047 03060
1048 03066
1049 03070
1050 03077
1051 03082
1052 03087
1053 03094
1054 03098
1055 03104
1056 03110
1057 03115
1058 03119
1059 03124
1060 03131
1061 03135
1062 03140
1063 03146
1064 03150
1065 03155
1066 03160
1067 03166
1068 03172
1069 03177
1070 03183
1071 03189
1072 03193
1073 03200
1074 03205
1075 03210
1076 03216
1077 03221
1078 03226
1079 03233
1080 03238
1081 03243
1082 03250
1083 03255
1084 03260
1085 03266
1086 03273
1087 03278
1088 03283
1089 03290
1090 03295
1091 03301
1092 03308
1093 03316
1094 03323
1095 03331
1096 03339
1097 03346
1098 03354
1099 03364
1100 03372
1101 03379
1102 03384
1103 03392
1104 03398
1105 03403
1106 03411
1107 03416
1108 03422
1109 03427
1110 03436
1111 03442
1112 03448
1113 03455
1114 03461
1115 03467
1116 03473
1117 03481
1118 03487
1119 03492
1120 03500
1121 03506
1122 03512
1123 03520
1124 03527
1125 03532
1126 03538
1127 03547
1128 03553
1129 03559
1130 03566
1131 03572
1132 03578
1133 03584
1134 03593
1135 03599
1136 03605
1137 03613
1138 03618
1139 03624
1140 03630
1141 03638
1142 03643
1143 03649
1144 03658
1145 03664
1146 03669
1147 03677
1148 03683
1149 03689
1150 03695
1151 03702
1152 03709
1153 03715
1154 03723
1155 03729
1156 03735
1157 03741
1158 03749
1159 03755
1160 03761
1161 03770
1162 03776
1163 03782
1164 03789
1165 03795
1166 03800
1167 03805
1168 03813
1169 03818
1170 03824
1171 03830
1172 03838
1173 03844
1174 03849
1175 03857
1176 03863
1177 03868
1178 03875
1179 03880
1180 03886
1181 03891
1182 03898
1183 03903
1184 03908
1185 03915
1186 03920
1187 03926
1188 03930
1189 03937
1190 03942
1191 03947
1192 03954
1193 03960
1194 03965
1195 03970
1196 03976
1197 03981
1198 03986
1199 03992
1200 03998
1201 04003
1202 04008
1203 04014
1204 04019
1205 04023
1206 04030
1207 04035
1208 04040
1209 04046
1210 04052
1211 04056
1212 04061
1213 04067
1214 04072
1215 04077
1216 04082
1217 04088
1218 04092
1219 04097
1220 04103
1221 04108
1222 04113
1223 04119
1224 04123
1225 04128
1226 04135
1227 04139
1228 04144
1229 04149
1230 04155
1231 04160
1232 04164
1233 04171
1234 04176
1235 04180
1236 04185
1237 04191
1238 04195
1239 04200
1240 04206
1241 04212
1242 04216
1243 04223
1244 04227
1245 04233
1246 04238
1247 04244
1248 04249
1249 04254
1250 04261
1251 04266
1252 04271
1253 04276
1254 04283
1255 04288
1256 04293
1257 04300
1258 04305
1259 04310
1260 04316
1261 04321
1262 04326
1263 04332
1264 04338
1265 04344
1266 04349
1267 04356
1268 04361
1269 04367
1270 04372
1271 04380
1272 04385
1273 04390
1274 04398
1275 04403
1276 04409
1277 04414
1278 04421
1279 04427
1280 04432
1281 04440
1282 04445
1283 04451
1284 04458
1285 04464
1286 04469
1287 04474
1288 04482
1289 04488
1290 04494
1291 04501
1292 04507
1293 04513
1294 04518
1295 04526
1296 04532
1297 04538
1298 04545
1299 04551
1300 04556
1301 04562
1302 04570
1303 04576
1304 04581
1305 04589
1306 04594
1307 04600
1308 04607
1309 04613
1310 04618
1311 04624
1312 04631
1313 04637
1314 04642
1315 04650
1316 04655
1317 04661
1318 04669
1319 04674
1320 04680
1321 04687
1322 04693
1323 04699
1324 04705
1325 04713
1326 04718
1327 04724
1328 04731
1329 04737
1330 04742
1331 04748
1332 04756
1333 04762
1334 04768
1335 04775
1336 04782
1337 04787
1338 04793
1339 04801
1340 04808
1341 04813
1342 04821
1343 04826
1344 04833
1345 04841
1346 04847
1347 04852
1348 04859
1349 04867
1350 04873
1351 04879
1352 04887
1353 04894
1354 04899
1355 04906
1356 04914
1357 04920
1358 04927
1359 04936
1360 04943
1361 04948
1362 04956
1363 04962
1364 04968
1365 04975
1366 04982
1367 04988
1368 04995
1369 05003
1370 05008
1371 05014
1372 05021
1373 05027
1374 05033
1375 05040
1376 05046
1377 05052
1378 05060
1379 05066
1380 05071
1381 05077
1382 05084
1383 05090
1384 05096
1385 05104
1386 05110
1387 05116
1388 05123
1389 05129
1390 05134
1391 05142
1392 05148
1393 05153
1394 05161
1395 05167
1396 05172
1397 05179
1398 05186
1399 05192
1400 05198
1401 05206
1402 05212
1403 05218
1404 05225
1405 05231
1406 05237
1407 05245
1408 05251
1409 05257
1410 05263
1411 05270
1412 05277
1413 05283
1414 05291
1415 05297
1416 05303
1417 05310
1418 05316
1419 05322
1420 05330
1421 05335
1422 05341
1423 05348
1424 05355
1425 05362
1426 05370
1427 05376
1428 05383
1429 05389
1430 05398
1431 05404
1432 05410
1433 05418
1434 05424
1435 05431
1436 05440
1437 05445
1438 05452
1439 05458
1440 05465
1441 05472
1442 05480
1443 05485
1444 05491
1445 05499
1446 05504
1447 05509
1448 05517
1449 05522
1450 05529
1451 05537
1452 05543
1453 05547
1454 05555
1455 05560
1456 05566
1457 05573
1458 05578
1459 05584
1460 05591
1461 05596
1462 05601
1463 05607
1464 05614
1465 05620
1466 05625
1467 05632
1468 05637
1469 05643
1470 05650
1471 05656
1472 05661
1473 05668
1474 05673
1475 05678
1476 05685
1477 05691
1478 05696
1479 05703
1480 05709
1481 05714
1482 05722
1483 05727
1484 05731
1485 05739
1486 05744
1487 05750
1488 05757
1489 05762
1490 05767
1491 05772
1492 05780
1493 05785
1494 05790
1495 05797
1496 05802
1497 05808
1498 05814
1499 05820
1500 05826
1501 05833
1502 05838
1503 05844
1504 05851
1505 05856
1506 05862
1507 05869
1508 05874
1509 05880
1510 05887
1511 05892
1512 05898
1513 05905
1514 05911
1515 05916
1516 05924
1517 05930
1518 05936
1519 05941
1520 05949
1521 05957
1522 05964
1523 05973
1524 05977
1525 05983
1526 05990
1527 05995
1528 06001
1529 06008
1530 06013
1531 06019
1532 06027
1533 06032
1534 06037
1535 06045
1536 06049
1537 06055
1538 06062
1539 06068
1540 06074
1541 06081
1542 06086
1543 06092
1544 06098
1545 06105
1546 06111
1547 06116
1548 06124
1549 06131
1550 06136
1551 06144
1552 06150
1553 06156
1554 06163
1555 06169
1556 06175
1557 06183
1558 06189
1559 06194
1560 06202
1561 06208
1562 06214
1563 06222
1564 06228
1565 06234
1566 06239
1567 06247
1568 06253
1569 06258
1570 06266
1571 06272
1572 06278
1573 06286
1574 06291
1575 06297
1576 06305
1577 06310
1578 06316
1579 06324
1580 06330
1581 06336
1582 06344
1583 06349
1584 06356
1585 06363
1586 06369
1587 06375
1588 06383
1589 06389
1590 06395
1591 06403
1592 06409
1593 06415
1594 06423
1595 06429
1596 06435
1597 06443
1598 06448
1599 06454
1600 06462
1601 06468
1602 06474
1603 06482
1604 06488
1605 06494
1606 06501
1607 06507
1608 06512
1609 06520
1610 06525
1611 06531
1612 06538
1613 06544
1614 06550
1615 06558
1616 06564
1617 06569
1618 06577
1619 06583
1620 06588
1621 06596
1622 06601
1623 06607
1624 06615
1625 06621
1626 06628
1627 06636
1628 06641
1629 06647
1630 06655
1631 06660
1632 06666
1633 06674
1634 06679
1635 06685
1636 06690
1637 06698
1638 06704
1639 06712
1640 06717
1641 06722
1642 06729
1643 06734
1644 06739
1645 06747
1646 06752
1647 06757
1648 06764
1649 06770
1650 06775
1651 06782
1652 06788
1653 06794
1654 06799
1655 06806
1656 06811
1657 06819
1658 06824
1659 06830
1660 06838
1661 06844
1662 06848
1663 06857
1664 06865
1665 06874
1666 06886
1667 06892
1668 06898
1669 06908
1670 06915
1671 06924
1672 06932
1673 06938
1674 06945
1675 06953
1676 06962
1677 06968
1678 06979
1679 06985
1680 06991
1681 06999
1682 07006
1683 07014
1684 07019
1685 07025
1686 07033
1687 07038
1688 07044
1689 07052
1690 07057
1691 07062
1692 07070
1693 07076
1694 07082
1695 07090
1696 07096
1697 07101
1698 07109
1699 07115
1700 07120
1701 07129
1702 07134
1703 07140
1704 07148
1705 07153
1706 07161
1707 07167
1708 07173
1709 07181
1710 07186
1711 07191
1712 07199
1713 07205
1714 07211
1715 07219
1716 07225
1717 07231
1718 07239
1719 07245
1720 07253
1721 07259
1722 07265
1723 07273
1724 07278
1725 07285
1726 07293
1727 07299
1728 07306
1729 07313
1730 07319
1731 07325
1732 07334
1733 07340
1734 07346
1735 07354
1736 07360
1737 07366
1738 07374
1739 07380
1740 07387
1741 07395
1742 07400
1743 07407
1744 07415
1745 07421
1746 07427
1747 07435
1748 07441
1749 07447
1750 07456
1751 07462
1752 07469
1753 07478
1754 07484
1755 07493
1756 07500
1757 07505
1758 07514
1759 07521
1760 07527
1761 07536
1762 07542
1763 07549
1764 07558
1765 07565
1766 07571
1767 07580
1768 07587
1769 07594
1770 07603
1771 07610
1772 07619
1773 07626
1774 07633
1775 07642
1776 07648
1777 07655
1778 07664
1779 07671
1780 07678
1781 07688
1782 07694
1783 07701
1784 07712
1785 07720
1786 07727
1787 07737
1788 07744
1789 07753
1790 07763
1791 07769
1792 07777
1793 07786
1794 07793
1795 07801
1796 07808
1797 07815
1798 07823
1799 07830
1800 07836
1801 07845
1802 07852
1803 07858
1804 07866
1805 07873
1806 07879
1807 07888
1808 07894
1809 07902
1810 07908
1811 07915
1812 07923
1813 07930
1814 07937
1815 07944
1816 07953
1817 07960
1818 07969
1819 07976
1820 07981
1821 07990
1822 07997
1823 08003
1824 08012
1825 08018
1826 08024
1827 08033
1828 08039
1829 08047
1830 08053
1831 08060
1832 08068
1833 08075
1834 08081
1835 08091
1836 08098
1837 08105
1838 08115
1839 08120
1840 08126
1841 08135
1842 08142
1843 08149
1844 08158
1845 08165
1846 08171
1847 08181
1848 08188
1849 08196
1850 08203
1851 08209
1852 08217
1853 08224
1854 08231
1855 08240
1856 08247
1857 08254
1858 08263
1859 08270
1860 08277
1861 08286
1862 08292
1863 08298
1864 08308
1865 08316
1866 08324
1867 08331
1868 08338
1869 08343
1870 08353
1871 08359
1872 08368
1873 08374
1874 08381
1875 08390
1876 08397
1877 08405
1878 08413
1879 08420
1880 08426
1881 08435
1882 08442
1883 08450
1884 08458
1885 08464
1886 08470
1887 08478
1888 08486
1889 08492
1890 08501
1891 08508
1892 08516
1893 08523
1894 08530
1895 08539
1896 08545
1897 08552
1898 08560
1899 08567
1900 08575
1901 08583
1902 08590
1903 08597
1904 08606
1905 08612
1906 08621
1907 08627
1908 08634
1909 08641
1910 08649
1911 08655
1912 08664
1913 08671
1914 08677
1915 08686
1916 08693
1917 08699
1918 08709
1919 08715
1920 08722
1921 08730
1922 08737
1923 08744
1924 08754
1925 08760
1926 08767
1927 08776
1928 08783
1929 08790
1930 08799
1931 08806
1932 08815
1933 08821
1934 08828
1935 08836
1936 08843
1937 08850
1938 08859
1939 08865
1940 08872
1941 08881
1942 08887
1943 08894
1944 08903
1945 08910
1946 08917
1947 08925
1948 08931
1949 08937
1950 08945
1951 08952
1952 08961
1953 08967
1954 08974
1955 08982
1956 08988
1957 08994
1958 09002
1959 09009
1960 09015
1961 09024
1962 09031
1963 09037
1964 09047
1965 09053
1966 09059
1967 09067
1968 09073
1969 09080
1970 09088
1971 09094
1972 09103
1973 09111
1974 09117
1975 09126
1976 09133
1977 09139
1978 09148
1979 09155
1980 09162
1981 09171
1982 09178
1983 09185
1984 09193
1985 09198
1986 09207
1987 09213
1988 09220
1989 09229
1990 09236
1991 09242
1992 09251
1993 09257
1994 09264
1995 09272
1996 09279
1997 09287
1998 09296
1999 09303
2000 09309
2001 09318
2002 09325
2003 09332
2004 09341
2005 09348
2006 09356
2007 09365
2008 09371
2009 09378
2010 09388
2011 09394
2012 09401
2013 09410
2014 09417
2015 09427
2016 09434
2017 09442
2018 09451
2019 09459
2020 09466
2021 09475
2022 09483
2023 09493
2024 09503
2025 09511
2026 09518
2027 09529
2028 09537
2029 09546
2030 09556
2031 09564
2032 09576
2033 09584
2034 09593
2035 09604
2036 09614
2037 09621
2038 09632
2039 09639
2040 09645
2041 09655
2042 09663
2043 09670
2044 09680
2045 09686
2046 09693
2047 09702
2048 09708
2049 09718
2050 09726
2051 09733
2052 09743
2053 09750
2054 09758
2055 09766
2056 09774
2057 09781
2058 09790
2059 09798
2060 09804
2061 09813
2062 09821
2063 09827
2064 09836
2065 09843
2066 09851
2067 09859
2068 09866
2069 09872
2070 09881
2071 09888
2072 09897
2073 09904
2074 09911
2075 09920
2076 09928
2077 09935
2078 09945
2079 09952
2080 09959
2081 09968
2082 09975
2083 09981
2084 09991
2085 09998
2086 10008
2087 10016
2088 10022
2089 10031
2090 10041
2091 10048
2092 10058
2093 10066
2094 10072
2095 10082
2096 10090
2097 10097
2098 10107
2099 10116
2100 10123
2101 10133
2102 10141
2103 10148
2104 10157
2105 10164
2106 10171
2107 10180
2108 10188
2109 10196
2110 10206
2111 10213
2112 10222
2113 10230
2114 10237
2115 10247
2116 10254
2117 10261
2118 10270
2119 10277
2120 10284
2121 10294
2122 10302
2123 10309
2124 10319
2125 10327
2126 10337
2127 10344
2128 10351
2129 10361
2130 10369
2131 10377
2132 10386
2133 10394
2134 10402
2135 10411
2136 10419
2137 10426
2138 10436
2139 10443
2140 10450
2141 10463
2142 10472
2143 10478
2144 10489
2145 10496
2146 10504
2147 10515
2148 10523
2149 10533
2150 10541
2151 10549
2152 10560
2153 10568
2154 10574
2155 10585
2156 10592
2157 10599
2158 10609
2159 10616
2160 10623
2161 10632
2162 10639
2163 10645
2164 10654
2165 10661
2166 10668
2167 10678
2168 10685
2169 10694
2170 10701
2171 10709
2172 10718
2173 10725
2174 10732
2175 10742
2176 10749
2177 10756
2178 10765
2179 10772
2180 10779
2181 10787
2182 10794
2183 10801
2184 10810
2185 10816
2186 10822
2187 10831
2188 10838
2189 10848
2190 10855
2191 10861
2192 10872
2193 10879
2194 10886
2195 10895
2196 10903
2197 10911
2198 10921
2199 10928
2200 10936
2201 10946
2202 10952
2203 10959
2204 10969
2205 10977
2206 10987
2207 10994
2208 11001
2209 11012
2210 11021
2211 11028
2212 11038
2213 11046
2214 11052
2215 11062
2216 11069
2217 11076
2218 11087
2219 11094
2220 11102
2221 11111
2222 11119
2223 11126
2224 11136
2225 11143
2226 11150
2227 11160
2228 11166
2229 11174
2230 11184
2231 11192
2232 11201
2233 11209
2234 11217
2235 11227
2236 11236
2237 11243
2238 11253
2239 11260
2240 11268
2241 11277
2242 11286
2243 11293
2244 11304
2245 11313
2246 11321
2247 11331
2248 11338
2249 11346
2250 11356
2251 11363
2252 11373
2253 11381
2254 11388
2255 11399
2256 11406
2257 11413
2258 11423
2259 11430
2260 11438
2261 11449
2262 11456
2263 11464
2264 11473
2265 11481
2266 11488
2267 11498
2268 11505
2269 11514
2270 11521
2271 11529
2272 11538
2273 11545
2274 11552
2275 11562
2276 11569
2277 11576
2278 11586
2279 11593
2280 11601
2281 11611
2282 11619
2283 11627
2284 11636
2285 11644
2286 11652
2287 11662
2288 11669
2289 11680
2290 11688
2291 11695
2292 11704
2293 11711
2294 11718
2295 11727
2296 11733
2297 11740
2298 11750
2299 11759
2300 11767
2301 11777
2302 11783
2303 11791
2304 11801
2305 11808
2306 11814
2307 11823
2308 11829
2309 11836
2310 11846
2311 11854
2312 11864
2313 11872
2314 11878
2315 11889
2316 11896
2317 11904
2318 11914
2319 11922
2320 11930
2321 11940
2322 11947
2323 11956
2324 11966
2325 11976
2326 11983
2327 11993
2328 12001
2329 12011
2330 12018
2331 12026
2332 12037
2333 12045
2334 12052
2335 12063
2336 12070
2337 12078
2338 12088
2339 12096
2340 12104
2341 12115
2342 12123
2343 12130
2344 12141
2345 12149
2346 12156
2347 12166
2348 12174
2349 12184
2350 12191
2351 12198
2352 12208
2353 12216
2354 12223
2355 12232
2356 12240
2357 12248
2358 12258
2359 12266
2360 12274
2361 12284
2362 12292
2363 12300
2364 12311
2365 12319
2366 12326
2367 12337
2368 12346
2369 12354
2370 12364
2371 12370
2372 12382
2373 12389
2374 12397
2375 12407
2376 12415
2377 12423
2378 12432
2379 12439
2380 12447
2381 12457
2382 12465
2383 12472
2384 12482
2385 12491
2386 12499
2387 12509
2388 12517
2389 12527
2390 12535
2391 12542
2392 12552
2393 12561
2394 12569
2395 12579
2396 12588
2397 12596
2398 12606
2399 12613
2400 12622
2401 12632
2402 12640
2403 12648
2404 12656
2405 12663
2406 12671
2407 12681
2408 12689
2409 12701
2410 12708
2411 12717
2412 12728
2413 12736
2414 12743
2415 12753
2416 12760
2417 12767
2418 12777
2419 12784
2420 12792
2421 12802
2422 12810
2423 12816
2424 12828
2425 12835
2426 12841
2427 12851
2428 12859
2429 12869
2430 12876
2431 12884
2432 12893
2433 12900
2434 12906
2435 12916
2436 12924
2437 12930
2438 12939
2439 12949
2440 12957
2441 12965
2442 12975
2443 12983
2444 12992
2445 12998
2446 13010
2447 13017
2448 13023
2449 13032
2450 13040
2451 13047
2452 13057
2453 13065
2454 13071
2455 13081
2456 13089
2457 13097
2458 13106
2459 13114
2460 13121
2461 13131
2462 13139
2463 13146
2464 13155
2465 13166
2466 13173
2467 13181
2468 13190
2469 13197
2470 13207
2471 13215
2472 13222
2473 13233
2474 13239
2475 13247
2476 13257
2477 13264
2478 13271
2479 13282
2480 13289
2481 13297
2482 13307
2483 13314
2484 13323
2485 13333
2486 13340
2487 13349
2488 13357
2489 13365
2490 13372
2491 13381
2492 13387
2493 13393
2494 13401
2495 13408
2496 13418
2497 13425
2498 13432
2499 13443
2500 13451
2501 13458
2502 13468
2503 13476
2504 13485
2505 13496
2506 13502
2507 13511
2508 13523
2509 13532
2510 13541
2511 13550
2512 13558
2513 13565
2514 13573
2515 13582
2516 13591
2517 13599
2518 13609
2519 13616
2520 13625
2521 13636
2522 13644
2523 13651
2524 13661
2525 13669
2526 13676
2527 13687
2528 13695
2529 13704
2530 13711
2531 13720
2532 13728
2533 13735
2534 13744
2535 13752
2536 13760
2537 13771
2538 13778
2539 13786
2540 13795
2541 13801
2542 13808
2543 13818
2544 13826
2545 13833
2546 13840
2547 13852
2548 13860
2549 13868
2550 13878
2551 13885
2552 13892
2553 13899
2554 13909
2555 13917
2556 13925
2557 13935
2558 13942
2559 13949
2560 13959
2561 13968
2562 13976
2563 13986
2564 13994
2565 14002
2566 14013
2567 14020
2568 14028
2569 14036
2570 14046
2571 14054
2572 14061
2573 14071
2574 14077
2575 14085
2576 14095
2577 14103
2578 14112
2579 14122
2580 14131
2581 14138
2582 14147
2583 14158
2584 14167
2585 14179
2586 14187
2587 14196
2588 14205
2589 14215
2590 14223
2591 14231
2592 14243
2593 14251
2594 14260
2595 14269
2596 14277
2597 14286
2598 14296
2599 14305
2600 14313
2601 14326
2602 14334
2603 14344
2604 14352
2605 14361
2606 14368
2607 14380
2608 14387
2609 14396
2610 14407
2611 14414
2612 14423
2613 14435
2614 14441
2615 14449
2616 14459
2617 14467
2618 14475
2619 14485
2620 14492
2621 14499
2622 14509
2623 14516
2624 14522
2625 14532
2626 14538
2627 14545
2628 14555
2629 14563
2630 14570
2631 14580
2632 14587
2633 14595
2634 14605
2635 14613
2636 14619
2637 14628
2638 14636
2639 14643
2640 14653
2641 14660
2642 14670
2643 14677
2644 14684
2645 14694
2646 14701
2647 14708
2648 14715
2649 14725
2650 14732
2651 14739
2652 14748
2653 14756
2654 14762
2655 14773
2656 14781
2657 14789
2658 14799
2659 14807
2660 14814
2661 14825
2662 14832
2663 14839
2664 14848
2665 14855
2666 14862
2667 14871
2668 14879
2669 14886
2670 14897
2671 14904
2672 14910
2673 14921
2674 14928
2675 14935
2676 14945
2677 14952
2678 14959
2679 14969
2680 14975
2681 14982
2682 14993
2683 15000
2684 15007
2685 15018
2686 15025
2687 15033
2688 15040
2689 15049
2690 15056
2691 15064
2692 15074
2693 15081
2694 15088
2695 15096
2696 15107
2697 15115
2698 15123
2699 15133
2700 15141
2701 15149
2702 15161
2703 15170
2704 15178
2705 15188
2706 15195
2707 15202
2708 15209
2709 15219
2710 15227
2711 15236
2712 15247
2713 15255
2714 15262
2715 15270
2716 15280
2717 15288
2718 15296
2719 15307
2720 15314
2721 15322
2722 15329
2723 15340
2724 15348
2725 15357
2726 15369
2727 15377
2728 15386
2729 15397
2730 15405
2731 15413
2732 15425
2733 15433
2734 15440
2735 15448
2736 15459
2737 15467
2738 15475
2739 15486
2740 15494
2741 15501
2742 15509
2743 15520
2744 15527
2745 15536
2746 15546
2747 15554
2748 15563
2749 15574
2750 15583
2751 15592
2752 15601
2753 15612
2754 15620
2755 15628
2756 15639
2757 15647
2758 15656
2759 15669
2760 15678
2761 15686
2762 15697
2763 15706
2764 15714
2765 15725
2766 15734
2767 15742
2768 15751
2769 15761
2770 15769
2771 15780
2772 15788
2773 15797
2774 15804
2775 15815
2776 15823
2777 15831
2778 15841
2779 15850
2780 15857
2781 15868
2782 15875
2783 15883
2784 15894
2785 15901
2786 15910
2787 15920
2788 15927
2789 15935
2790 15946
2791 15954
2792 15962
2793 15973
2794 15980
2795 15989
2796 15995
2797 16007
2798 16016
2799 16025
2800 16035
2801 16043
2802 16051
2803 16062
2804 16070
2805 16078
2806 16088
2807 16096
2808 16104
2809 16115
2810 16123
2811 16131
2812 16141
2813 16150
2814 16157
2815 16168
2816 16176
2817 16185
2818 16196
2819 16205
2820 16213
2821 16222
2822 16233
2823 16241
2824 16248
2825 16259
2826 16266
2827 16274
2828 16284
2829 16292
2830 16301
2831 16308
2832 16319
2833 16327
2834 16336
2835 16346
2836 16355
2837 16363
2838 16371
2839 16381
2840 16388
2841 16396
2842 16407
2843 16414
2844 16422
2845 16433
2846 16441
2847 16449
2848 16456
2849 16467
2850 16475
2851 16481
2852 16490
2853 16500
2854 16508
2855 16516
2856 16524
2857 16535
2858 16543
2859 16551
2860 16563
2861 16570
2862 16579
2863 16587
2864 16596
2865 16605
2866 16612
2867 16621
2868 16629
2869 16637
2870 16648
2871 16655
2872 16663
2873 16671
2874 16681
2875 16688
2876 16695
2877 16703
2878 16713
2879 16721
2880 16729
2881 16739
2882 16746
2883 16754
2884 16764
2885 16772
2886 16779
2887 16786
2888 16796
2889 16804
2890 16811
2891 16822
2892 16830
2893 16838
2894 16848
2895 16856
2896 16863
2897 16872
2898 16882
2899 16890
2900 16898
2901 16906
2902 16915
2903 16923
2904 16931
2905 16941
2906 16948
2907 16956
2908 16967
2909 16974
2910 16982
2911 16989
2912 16999
2913 17007
2914 17014
2915 17024
2916 17031
2917 17039
2918 17046
2919 17055
2920 17063
2921 17070
2922 17080
2923 17087
2924 17096
2925 17103
2926 17113
2927 17120
2928 17128
2929 17138
2930 17146
2931 17153
2932 17161
2933 17171
2934 17179
2935 17187
2936 17198
2937 17206
2938 17214
2939 17222
2940 17232
2941 17241
2942 17249
2943 17260
2944 17267
2945 17275
2946 17284
2947 17295
2948 17304
2949 17312
2950 17321
2951 17332
2952 17342
2953 17350
2954 17358
2955 17368
2956 17377
2957 17385
2958 17393
2959 17404
2960 17412
2961 17421
2962 17433
2963 17442
2964 17451
2965 17460
2966 17469
2967 17480
2968 17489
2969 17498
2970 17506
2971 17515
2972 17525
2973 17534
2974 17543
2975 17555
2976 17565
2977 17574
2978 17582
2979 17592
2980 17601
2981 17610
2982 17617
2983 17629
2984 17639
2985 17647
2986 17655
2987 17664
2988 17676
2989 17685
2990 17693
2991 17702
2992 17713
2993 17721
2994 17729
2995 17738
2996 17746
2997 17758
2998 17766
2999 17775
3000 17783
3001 17791
3002 17803
3003 17810
3004 17819
3005 17828
3006 17837
3007 17848
3008 17856
3009 17866
3010 17875
3011 17883
3012 17895
3013 17904
3014 17912
3015 17921
3016 17933
3017 17942
3018 17951
3019 17961
3020 17973
3021 17981
3022 17990
3023 17999
3024 18008
3025 18020
3026 18029
3027 18039
3028 18047
3029 18059
3030 18068
3031 18078
3032 18086
3033 18095
3034 18106
3035 18115
3036 18125
3037 18134
3038 18146
3039 18154
3040 18163
3041 18171
3042 18183
3043 18192
3044 18201
3045 18212
3046 18220
3047 18229
3048 18238
3049 18250
3050 18258
3051 18267
3052 18279
3053 18288
3054 18296
3055 18305
3056 18316
3057 18325
3058 18333
3059 18345
3060 18353
3061 18362
3062 18370
3063 18381
3064 18389
3065 18397
3066 18409
3067 18417
3068 18424
3069 18436
3070 18444
3071 18452
3072 18461
3073 18471
3074 18479
3075 18487
3076 18498
3077 18506
3078 18514
3079 18522
3080 18533
3081 18541
3082 18549
3083 18558
3084 18569
3085 18577
3086 18585
3087 18595
3088 18604
3089 18612
3090 18622
3091 18630
3092 18637
3093 18646
3094 18656
3095 18664
3096 18671
3097 18682
3098 18689
3099 18696
3100 18705
3101 18715
3102 18723
3103 18732
3104 18743
3105 18752
3106 18760
3107 18768
3108 18779
3109 18787
3110 18794
3111 18805
3112 18812
3113 18821
3114 18830
3115 18840
3116 18848
3117 18855
3118 18865
3119 18872
3120 18880
3121 18888
3122 18899
3123 18906
3124 18914
3125 18925
3126 18933
3127 18942
3128 18953
3129 18961
3130 18969
3131 18977
3132 18987
3133 18995
3134 19003
3135 19013
3136 19022
3137 19030
3138 19039
3139 19051
3140 19060
3141 19068
3142 19079
3143 19088
3144 19097
3145 19107
3146 19119
3147 19128
3148 19136
3149 19147
3150 19156
3151 19165
3152 19178
3153 19187
3154 19196
3155 19204
3156 19218
3157 19227
3158 19235
3159 19246
3160 19256
3161 19264
3162 19273
3163 19285
3164 19293
3165 19302
3166 19314
3167 19322
3168 19331
3169 19340
3170 19352
3171 19360
3172 19368
3173 19380
3174 19388
3175 19397
3176 19405
3177 19417
3178 19425
3179 19434
3180 19445
3181 19453
3182 19462
3183 19470
3184 19478
3185 19490
3186 19499
3187 19507
3188 19516
3189 19525
3190 19537
3191 19546
3192 19555
3193 19566
3194 19575
3195 19584
3196 19592
3197 19604
3198 19613
3199 19622
3200 19635
3201 19644
3202 19653
3203 19662
3204 19674
3205 19683
3206 19693
3207 19701
3208 19713
3209 19723
3210 19732
3211 19744
3212 19754
3213 19763
3214 19774
3215 19783
3216 19791
3217 19800
3218 19812
3219 19820
3220 19830
3221 19841
3222 19850
3223 19859
3224 19868
3225 19879
3226 19889
3227 19898
3228 19908
3229 19918
3230 19927
3231 19939
3232 19948
3233 19957
3234 19966
3235 19979
3236 19988
3237 19997
3238 20008
3239 20017
3240 20025
3241 20034
3242 20046
3243 20054
3244 20063
3245 20074
3246 20083
3247 20091
3248 20101
3249 20112
3250 20121
3251 20130
3252 20141
3253 20150
3254 20160
3255 20169
3256 20181
3257 20190
3258 20201
3259 20212
3260 20222
3261 20231
3262 20241
3263 20253
3264 20263
3265 20272
3266 20284
3267 20293
3268 20302
3269 20311
3270 20320
3271 20333
3272 20342
3273 20351
3274 20360
3275 20372
3276 20382
3277 20391
3278 20399
3279 20409
3280 20422
3281 20432
3282 20441
3283 20452
3284 20461
3285 20474
3286 20484
3287 20493
3288 20503
3289 20515
3290 20524
3291 20533
3292 20543
3293 20553
3294 20565
3295 20575
3296 20584
3297 20598
3298 20608
3299 20618
3300 20629
3301 20643
3302 20652
3303 20663
3304 20676
3305 20686
3306 20696
3307 20706
3308 20720
3309 20729
3310 20740
3311 20754
3312 20764
3313 20774
3314 20783
3315 20797
3316 20806
3317 20816
3318 20829
3319 20839
3320 20849
3321 20857
3322 20870
3323 20880
3324 20890
3325 20901
3326 20911
3327 20920
3328 20930
3329 20941
3330 20950
3331 20958
3332 20970
3333 20979
3334 20987
3335 20998
3336 21007
3337 21015
3338 21023
3339 21033
3340 21042
3341 21051
3342 21063
3343 21071
3344 21080
3345 21089
3346 21101
3347 21109
3348 21116
3349 21128
3350 21136
3351 21145
3352 21154
3353 21165
3354 21175
3355 21183
3356 21195
3357 21205
3358 21215
3359 21223
3360 21235
3361 21244
3362 21252
3363 21265
3364 21273
3365 21282
3366 21291
3367 21302
3368 21311
3369 21320
3370 21332
3371 21341
3372 21350
3373 21362
3374 21371
3375 21381
3376 21389
3377 21402
3378 21411
3379 21420
3380 21432
3381 21441
3382 21451
3383 21459
3384 21472
3385 21481
3386 21490
3387 21502
3388 21512
3389 21520
3390 21530
3391 21541
3392 21551
3393 21560
3394 21572
3395 21580
3396 21589
3397 21598
3398 21611
3399 21620
3400 21629
3401 21642
3402 21651
3403 21660
3404 21672
3405 21680
3406 21689
3407 21698
3408 21710
3409 21718
3410 21727
3411 21735
3412 21747
3413 21756
3414 21765
3415 21777
3416 21787
3417 21796
3418 21807
3419 21815
3420 21824
3421 21833
3422 21845
3423 21853
3424 21863
3425 21874
3426 21884
3427 21892
3428 21901
3429 21913
3430 21920
3431 21930
3432 21942
3433 21951
3434 21959
3435 21968
3436 21980
3437 21989
3438 21998
3439 22010
3440 22020
3441 22029
3442 22041
3443 22049
3444 22058
3445 22067
3446 22078
3447 22088
3448 22096
3449 22104
3450 22116
3451 22125
3452 22134
3453 22145
3454 22155
3455 22163
3456 22175
3457 22186
3458 22194
3459 22203
3460 22216
3461 22226
3462 22235
3463 22247
3464 22257
3465 22266
3466 22275
3467 22287
3468 22298
3469 22306
3470 22319
3471 22328
3472 22337
3473 22346
3474 22358
3475 22368
3476 22376
3477 22389
3478 22399
3479 22408
3480 22417
3481 22429
3482 22439
3483 22448
3484 22461
3485 22469
3486 22479
3487 22487
3488 22500
3489 22509
3490 22519
3491 22532
3492 22542
3493 22552
3494 22561
3495 22574
3496 22582
3497 22593
3498 22605
3499 22615
3500 22624
3501 22634
3502 22645
3503 22655
3504 22665
3505 22674
3506 22684
3507 22697
3508 22707
3509 22717
3510 22730
3511 22741
3512 22750
3513 22760
3514 22773
3515 22783
3516 22793
3517 22802
3518 22816
3519 22825
3520 22836
3521 22850
3522 22859
3523 22870
3524 22879
3525 22892
3526 22903
3527 22913
3528 22923
3529 22937
3530 22948
3531 22957
3532 22971
3533 22982
3534 22992
3535 23005
3536 23015
3537 23025
3538 23035
3539 23049
3540 23058
3541 23069
3542 23081
3543 23093
3544 23103
3545 23118
3546 23128
3547 23138
3548 23148
3549 23162
3550 23171
3551 23182
3552 23192
3553 23206
3554 23215
3555 23225
3556 23239
3557 23249
3558 23259
3559 23272
3560 23283
3561 23292
3562 23302
3563 23316
3564 23326
3565 23336
3566 23350
3567 23361
3568 23373
3569 23384
3570 23399
3571 23409
3572 23419
3573 23433
3574 23443
3575 23453
3576 23463
3577 23476
3578 23484
3579 23494
3580 23507
3581 23517
3582 23526
3583 23538
3584 23548
3585 23556
3586 23566
3587 23578
3588 23589
3589 23597
3590 23608
3591 23620
3592 23630
3593 23640
3594 23649
3595 23661
3596 23670
3597 23680
3598 23689
3599 23699
3600 23712
3601 23722
3602 23732
3603 23744
3604 23754
3605 23763
3606 23773
3607 23786
3608 23795
3609 23804
3610 23814
3611 23828
3612 23837
3613 23846
3614 23859
3615 23870
3616 23879
3617 23889
3618 23902
3619 23911
3620 23921
3621 23930
3622 23943
3623 23953
3624 23963
3625 23976
3626 23987
3627 23996
3628 24006
3629 24019
3630 24030
3631 24039
3632 24050
3633 24064
3634 24075
3635 24084
3636 24095
3637 24108
3638 24119
3639 24130
3640 24143
3641 24153
3642 24164
3643 24174
3644 24187
3645 24196
3646 24205
3647 24217
3648 24231
3649 24242
3650 24252
3651 24266
3652 24276
3653 24287
3654 24300
3655 24312
3656 24321
3657 24332
3658 24345
3659 24357
3660 24367
3661 24381
3662 24391
3663 24402
3664 24412
3665 24426
3666 24436
3667 24446
3668 24459
3669 24470
3670 24479
3671 24490
3672 24504
3673 24514
3674 24524
3675 24538
3676 24548
3677 24558
3678 24567
3679 24581
3680 24590
3681 24600
3682 24613
3683 24623
3684 24632
3685 24645
3686 24655
3687 24664
3688 24674
3689 24687
3690 24696
3691 24706
3692 24719
3693 24728
3694 24738
3695 24747
3696 24760
3697 24768
3698 24779
3699 24791
3700 24801
3701 24810
3702 24820
3703 24832
3704 24842
3705 24852
3706 24865
3707 24875
3708 24884
3709 24894
3710 24907
3711 24918
3712 24927
3713 24941
3714 24950
3715 24961
3716 24974
3717 24984
3718 24995
3719 25005
3720 25019
3721 25028
3722 25039
3723 25048
3724 25063
3725 25074
3726 25084
3727 25098
3728 25108
3729 25118
3730 25132
3731 25142
3732 25151
3733 25161
3734 25173
3735 25183
3736 25192
3737 25205
3738 25214
3739 25224
3740 25234
3741 25247
3742 25257
3743 25266
3744 25279
3745 25288
3746 25298
3747 25307
3748 25320
3749 25330
3750 25339
3751 25352
3752 25361
3753 25371
3754 25381
3755 25394
3756 25403
3757 25414
3758 25427
3759 25438
3760 25447
3761 25456
3762 25470
3763 25481
3764 25490
3765 25504
3766 25513
3767 25524
3768 25534
3769 25548
3770 25558
3771 25568
3772 25581
3773 25592
3774 25602
3775 25614
3776 25623
3777 25632
3778 25643
3779 25658
3780 25667
3781 25677
3782 25691
3783 25702
3784 25711
3785 25722
3786 25735
3787 25745
3788 25756
3789 25769
3790 25779
3791 25788
3792 25799
3793 25812
3794 25823
3795 25832
3796 25847
3797 25856
3798 25867
3799 25877
3800 25890
3801 25899
3802 25909
3803 25922
3804 25933
3805 25943
3806 25957
3807 25968
3808 25978
3809 25988
3810 26003
3811 26013
3812 26022
3813 26035
3814 26045
3815 26057
3816 26067
3817 26082
3818 26093
3819 26104
3820 26117
3821 26128
3822 26137
3823 26147
3824 26161
3825 26172
3826 26181
3827 26197
3828 26207
3829 26218
3830 26228
3831 26242
3832 26252
3833 26263
3834 26276
3835 26287
3836 26297
3837 26311
3838 26321
3839 26332
3840 26341
3841 26355
3842 26365
3843 26375
3844 26389
3845 26398
3846 26409
3847 26418
3848 26432
3849 26441
3850 26452
3851 26461
3852 26475
3853 26485
3854 26494
3855 26505
3856 26519
3857 26530
3858 26540
3859 26554
3860 26564
3861 26575
3862 26589
3863 26599
3864 26610
3865 26620
3866 26635
3867 26645
3868 26656
3869 26671
3870 26683
3871 26695
3872 26705
3873 26721
3874 26732
3875 26744
3876 26758
3877 26769
3878 26781
3879 26791
3880 26806
3881 26818
3882 26828
3883 26845
3884 26856
3885 26868
3886 26881
3887 26896
3888 26908
3889 26920
3890 26936
3891 26947
3892 26958
3893 26970
3894 26987
3895 26998
3896 27008
3897 27023
3898 27035
3899 27047
3900 27063
3901 27074
3902 27086
3903 27098
3904 27113
3905 27125
3906 27137
3907 27154
3908 27165
3909 27178
3910 27190
3911 27206
3912 27216
3913 27227
3914 27243
3915 27255
3916 27267
3917 27279
3918 27294
3919 27305
3920 27317
3921 27332
3922 27345
3923 27356
3924 27366
3925 27382
3926 27393
3927 27405
3928 27415
3929 27428
3930 27441
3931 27452
3932 27468
3933 27478
3934 27490
3935 27501
3936 27516
3937 27527
3938 27537
3939 27553
3940 27564
3941 27575
3942 27586
3943 27600
3944 27611
3945 27622
3946 27635
3947 27649
3948 27660
3949 27671
3950 27681
3951 27698
3952 27708
3953 27720
3954 27734
3955 27746
3956 27758
3957 27768
3958 27784
3959 27794
3960 27806
3961 27821
3962 27832
3963 27843
3964 27854
3965 27870
3966 27881
3967 27893
3968 27907
3969 27919
3970 27930
3971 27940
3972 27956
3973 27966
3974 27978
3975 27992
3976 28005
3977 28016
3978 28029
3979 28043
3980 28055
3981 28067
3982 28078
3983 28094
3984 28105
3985 28118
3986 28129
3987 28146
3988 28157
3989 28169
3990 28182
3991 28197
3992 28209
3993 28222
3994 28234
3995 28250
3996 28261
3997 28273
3998 28284
3999 28300
4000 28311
4001 28322
4002 28333
4003 28348
4004 28360
4005 28371
4006 28383
4007 28398
4008 28410
4009 28420
4010 28431
4011 28444
4012 28458
4013 28469
4014 28479
4015 28493
4016 28503
4017 28513
4018 28524
4019 28538
4020 28549
4021 28558
4022 28571
4023 28582
4024 28591
4025 28602
4026 28614
4027 28625
4028 28635
4029 28645
4030 28658
4031 28667
4032 28677
4033 28686
4034 28699
4035 28708
4036 28717
4037 28727
4038 28739
4039 28749
4040 28757
4041 28766
4042 28778
4043 28787
4044 28795
4045 28802
4046 28815
4047 28824
4048 28833
4049 28843
4050 28853
4051 28863
4052 28873
4053 28882
4054 28893
4055 28902
4056 28912
4057 28921
4058 28934
4059 28944
4060 28954
4061 28967
4062 28976
4063 28988
4064 29002
4065 29012
4066 29022
4067 29032
4068 29042
4069 29056
4070 29067
4071 29077
4072 29087
4073 29102
4074 29113
4075 29124
4076 29135
4077 29148
4078 29160
4079 29171
4080 29182
4081 29198
4082 29208
4083 29219
4084 29234
4085 29245
4086 29256
4087 29267
4088 29277
4089 29292
4090 29304
4091 29315
4092 29330
4093 29342
4094 29352
4095 29364
4096 29375
4097 29388
4098 29399
4099 29409
4100 29418
4101 29433
4102 29442
4103 29454
4104 29464
4105 29477
4106 29488
4107 29498
4108 29508
4109 29521
4110 29531
4111 29541
4112 29550
4113 29565
4114 29574
4115 29583
4116 29594
4117 29605
4118 29614
4119 29624
4120 29632
4121 29644
4122 29653
4123 29662
4124 29671
4125 29679
4126 29691
4127 29700
4128 29708
4129 29718
4130 29730
4131 29738
4132 29748
4133 29757
4134 29768
4135 29777
4136 29785
4137 29794
4138 29802
4139 29814
4140 29824
4141 29833
4142 29841
4143 29855
4144 29864
4145 29874
4146 29883
4147 29896
4148 29905
4149 29915
4150 29924
4151 29936
4152 29946
4153 29955
4154 29965
4155 29979
4156 29988
4157 29999
4158 30010
4159 30019
4160 30033
4161 30043
4162 30053
4163 30063
4164 30078
4165 30087
4166 30099
4167 30109
4168 30119
4169 30135
4170 30144
4171 30156
4172 30166
4173 30181
4174 30193
4175 30203
4176 30216
4177 30229
4178 30239
4179 30251
4180 30261
4181 30276
4182 30287
4183 30297
4184 30312
4185 30323
4186 30334
4187 30347
4188 30357
4189 30372
4190 30384
4191 30395
4192 30407
4193 30423
4194 30434
4195 30446
4196 30458
4197 30470
4198 30486
4199 30498
4200 30511
4201 30522
4202 30538
4203 30550
4204 30561
4205 30572
4206 30586
4207 30596
4208 30606
4209 30618
4210 30635
4211 30647
4212 30658
4213 30669
4214 30684
4215 30695
4216 30706
4217 30717
4218 30733
4219 30745
4220 30757
4221 30769
4222 30780
4223 30795
4224 30807
4225 30819
4226 30829
4227 30844
4228 30855
4229 30866
4230 30878
4231 30893
4232 30904
4233 30916
4234 30927
4235 30938
4236 30954
4237 30964
4238 30975
4239 30986
4240 30998
4241 31012
4242 31022
4243 31033
4244 31043
4245 31054
4246 31070
4247 31081
4248 31092
4249 31103
4250 31114
4251 31129
4252 31140
4253 31151
4254 31161
4255 31173
4256 31188
4257 31198
4258 31209
4259 31221
4260 31232
4261 31247
4262 31259
4263 31271
4264 31283
4265 31296
4266 31313
4267 31324
4268 31336
4269 31349
4270 31361
4271 31372
4272 31389
4273 31401
4274 31413
4275 31425
4276 31438
4277 31454
4278 31466
4279 31479
4280 31492
4281 31503
4282 31519
4283 31532
4284 31544
4285 31556
4286 31568
4287 31582
4288 31599
4289 31608
4290 31620
4291 31633
4292 31647
4293 31659
4294 31671
4295 31682
4296 31694
4297 31709
4298 31720
4299 31731
4300 31742
4301 31755
4302 31768
4303 31784
4304 31792
4305 31801
4306 31811
4307 31821
4308 31833
4309 31843
4310 31853
4311 31862
4312 31873
4313 31886
4314 31895
4315 31905
4316 31914
4317 31923
4318 31936
4319 31945
4320 31954
4321 31964
4322 31973
4323 31985
4324 31995
4325 32004
4326 32012
4327 32020
4328 32029
4329 32041
4330 32048
4331 32056
4332 32065
4333 32077
4334 32086
4335 32095
4336 32106
4337 32116
4338 32129
4339 32137
4340 32147
4341 32157
4342 32166
4343 32175
4344 32185
4345 32194
4346 32203
4347 32215
4348 32223
4349 32231
4350 32241
4351 32249
4352 32261
4353 32270
4354 32279
4355 32287
4356 32297
4357 32311
4358 32319
4359 32328
4360 32339
4361 32354
4362 32364
4363 32375
4364 32386
4365 32400
4366 32411
4367 32422
4368 32432
4369 32442
4370 32457
4371 32468
4372 32478
4373 32488
4374 32502
4375 32514
4376 32525
4377 32535
4378 32551
4379 32563
4380 32574
4381 32586
4382 32598
4383 32608
4384 32547
4385 32417
4386 32239
4387 32034
4388 31739
4389 31515
4390 31294
4391 31076
4392 30793
4393 30585
4394 30379
4395 30178
4396 29910
4397 29715
4398 29519
4399 29263
4400 29074
4401 28890
4402 28707
4403 28468
4404 28290
4405 28115
4406 27944
4407 27720
4408 27555
4409 27394
4410 27181
4411 27025
4412 26869
4413 26665
4414 26517
4415 26371
4416 26226
4417 26032
4418 25891
4419 25754
4420 25570
4421 25434
4422 25300
4423 25124
4424 24994
4425 24865
4426 24737
4427 24569
4428 24443
4429 24319
4430 24195
4431 24036
4432 23916
4433 23797
4434 23639
4435 23521
4436 23404
4437 23289
4438 23134
4439 23022
4440 22911
4441 22764
4442 22654
4443 22545
4444 22438
4445 22297
4446 22190
4447 22086
4448 21948
4449 21845
4450 21743
4451 21641
4452 21509
4453 21407
4454 21307
4455 21174
4456 21075
4457 20976
4458 20846
4459 20748
4460 20651
4461 20555
4462 20428
4463 20334
4464 20240
4465 20147
4466 20025
4467 19933
4468 19843
4469 19753
4470 19634
4471 19546
4472 19460
4473 19373
4474 19258
4475 19174
4476 19089
4477 18977
4478 18894
4479 18811
4480 18730
4481 18621
4482 18541
4483 18461
4484 18381
4485 18277
4486 18199
4487 18122
4488 18046
4489 17945
4490 17869
4491 17793
4492 17694
4493 17620
4494 17547
4495 17476
4496 17381
4497 17311
4498 17242
4499 17174
4500 17084
4501 17017
4502 16949
4503 16881
4504 16793
4505 16727
4506 16661
4507 16574
4508 16508
4509 16442
4510 16356
4511 16290
4512 16224
4513 16139
4514 16073
4515 16008
4516 15942
4517 15856
4518 15792
4519 15729
4520 15648
4521 15586
4522 15526
4523 15446
4524 15387
4525 15325
4526 15261
4527 15177
4528 15115
4529 15053
4530 14970
4531 14909
4532 14847
4533 14766
4534 14708
4535 14649
4536 14571
4537 14513
4538 14459
4539 14401
4540 14325
4541 14267
4542 14210
4543 14135
4544 14079
4545 14023
4546 13949
4547 13893
4548 13840
4549 13786
4550 13717
4551 13664
4552 13609
4553 13536
4554 13483
4555 13433
4556 13383
4557 13314
4558 13263
4559 13211
4560 13143
4561 13095
4562 13046
4563 12980
4564 12929
4565 12880
4566 12829
4567 12761
4568 12711
4569 12660
4570 12592
4571 12543
4572 12499
4573 12437
4574 12387
4575 12339
4576 12276
4577 12232
4578 12185
4579 12122
4580 12074
4581 12027
4582 11980
4583 11923
4584 11877
4585 11834
4586 11775
4587 11731
4588 11687
4589 11626
4590 11581
4591 11540
4592 11487
4593 11446
4594 11401
4595 11345
4596 11304
4597 11262
4598 11206
4599 11164
4600 11120
4601 11074
4602 11015
4603 10974
4604 10929
4605 10872
4606 10829
4607 10787
4608 10732
4609 10690
4610 10648
4611 10595
4612 10553
4613 10513
4614 10461
4615 10420
4616 10381
4617 10329
4618 10288
4619 10249
4620 10195
4621 10154
4622 10116
4623 10065
4624 10027
4625 09989
4626 09949
4627 09896
4628 09856
4629 09814
4630 09760
4631 09719
4632 09678
4633 09629
4634 09588
4635 09551
4636 09502
4637 09467
4638 09429
4639 09379
4640 09343
4641 09306
4642 09254
4643 09217
4644 09181
4645 09134
4646 09098
4647 09062
4648 09026
4649 08980
4650 08942
4651 08892
4652 08856
4653 08820
4654 08783
4655 08737
4656 08704
4657 08668
4658 08619
4659 08584
4660 08548
4661 08501
4662 08467
4663 08433
4664 08385
4665 08350
4666 08314
4667 08264
4668 08229
4669 08197
4670 08151
4671 08115
4672 08080
4673 08036
4674 08002
4675 07969
4676 07925
4677 07892
4678 07858
4679 07814
4680 07780
4681 07745
4682 07701
4683 07667
4684 07620
4685 07588
4686 07555
4687 07521
4688 07475
4689 07441
4690 07398
4691 07367
4692 07336
4693 07305
4694 07263
4695 07231
4696 07187
4697 07155
4698 07121
4699 07076
4700 07045
4701 07013
4702 06969
4703 06938
4704 06904
4705 06861
4706 06832
4707 06790
4708 06760
4709 06731
4710 06690
4711 06658
4712 06626
4713 06587
4714 06555
4715 06524
4716 06483
4717 06451
4718 06418
4719 06379
4720 06348
4721 06317
4722 06277
4723 06247
4724 06217
4725 06177
4726 06148
4727 06119
4728 06078
4729 06047
4730 06006
4731 05977
4732 05948
4733 05907
4734 05877
4735 05846
4736 05815
4737 05775
4738 05746
4739 05705
4740 05675
4741 05645
4742 05605
4743 05574
4744 05543
4745 05504
4746 05475
4747 05445
4748 05407
4749 05380
4750 05352
4751 05323
4752 05283
4753 05254
4754 05225
4755 05187
4756 05158
4757 05129
4758 05089
4759 05060
4760 05030
4761 04992
4762 04963
4763 04933
4764 04897
4765 04870
4766 04832
4767 04803
4768 04776
4769 04748
4770 04711
4771 04683
4772 04653
4773 04618
4774 04589
4775 04559
4776 04523
4777 04496
4778 04471
4779 04435
4780 04406
4781 04379
4782 04341
4783 04311
4784 04283
4785 04256
4786 04221
4787 04194
4788 04168
4789 04133
